34,112
34,111
34,110
34,109
34,108
34,107
34,106
0,533
34,105
0,532
0,531
34,104
0,530
0,529
0,528
0,527
0,526
0,525
0,524
0,523
0,522
0,521
0,520
0,519
0,518
0,517
0,516
0,515
0,514
0,474
32,7
32,4
25,3
14,5
39,35
3,2
3,1
3,3
10,194
10,14
10,280
10,64
10,238
10,86
10,180
10,2
10,3
11,4
11,24
11,26
11,12
11,14
11,8
11,18
11,2
11,3
9,7
9,6
9,1
9,4
9,2
9,3
8,17
8,11
8,15
8,2
8,3
0,318
12,2
12,1
12,3
36,7
36,5
36,4
36,3
36,1
20,2
35,4
20,1
35,3
20,3
35,1
34,103
34,102
34,101
34,100
34,99
34,98
34,97
34,96
34,95
34,94
34,93
34,92
34,91
34,90
34,89
34,88
34,87
34,86
34,85
34,84
34,83
34,82
34,81
34,80
34,79
34,78
34,77
34,76
34,75
34,74
19,2
34,73
34,72
34,71
34,70
34,69
34,68
19,1
34,67
34,66
19,3
34,65
34,64
34,36
34,35
34,34
34,33
34,32
34,31
34,30
34,29
34,28
